(887.85, 169.88)
(930.5, 265.54)
(784.02, 145.53)
(859.17, 281.43)
(815.22, 302.71)
(1431.7, 196.4)
(935.93, 374.92)
(1771.79, 307.04)
(889.49, 342.36)
(1281.8, 312.12)
(1630.78, 267.28)
(785.42, 357.28)
(1106.33, 316.26)
(1040.88, 315.32)
(1324.26, 345.69)
(999.25, 144.47)
(1320.26, 202.68)
(639.6, 209.81)
(1148.18, 143.03)
(894.28, 396.72)
(1249.54, 161.9)
(835.71, 195.25)
(644.83, 340.57)
(1799.63, 185.75)
(1366.95, 294.01)
(973.24, 173.41)
(947.75, 122.44)
(1582.0, 243.23)
(1110.69, 193.71)
(1066.38, 365.37)
(1324.04, 152.33)
(1287.86, 182.86)
(1724.37, 313.5)
(1724.4, 165.94)
(1268.22, 375.99)
(1576.01, 179.94)
(1065.89, 217.75)
(731.04, 342.49)
(694.87, 230.36)
(1014.99, 341.95)
(1550.99, 273.56)
(1601.06, 215.32)
(946.59, 415.46)
(1339.23, 274.67)
(1652.63, 300.72)
(774.09, 405.02)
(1772.38, 166.04)
(862.15, 103.82)
(1147.9, 249.94)
(1314.02, 122.06)
(1214.15, 361.78)
(759.46, 293.85)
(1060.58, 133.49)
(1042.32, 386.09)
(851.7, 151.44)
(697.77, 341.23)
(1843.98, 188.32)
(910.61, 105.83)
(1192.02, 277.86)
(838.96, 374.19)
(653.38, 288.27)
(1293.45, 392.9)
(1457.22, 239.42)
(879.4, 249.03)
(1000.04, 384.76)
(992.69, 93.37)
(1067.93, 396.2)
(755.04, 107.85)
(716.99, 305.8)
(1303.88, 275.16)
(598.22, 246.99)
(1902.14, 235.43)
(968.55, 308.96)
(1461.33, 174.6)
(1342.12, 235.95)
(1653.2, 195.7)
(1081.24, 256.46)
(838.24, 400.63)
(949.78, 91.77)
(1296.33, 366.84)
(1106.31, 253.96)
(1862.44, 311.82)
(1318.41, 378.52)
(1699.34, 328.92)
(1443.26, 343.29)
(1170.29, 216.69)
(1042.79, 172.37)
(1691.39, 257.04)
(1675.6, 206.87)
(967.7, 224.4)
(1373.14, 330.48)
(1291.91, 136.49)
(1359.71, 352.66)
(1026.88, 127.57)
(937.32, 184.24)
(696.95, 370.29)
(617.14, 180.95)
(1229.91, 311.38)
(723.78, 219.36)
(863.29, 400.0)
(1752.91, 188.77)
(1219.53, 199.9)
(834.78, 105.66)
(728.45, 124.76)
(1395.91, 286.87)
(724.84, 270.68)
(1151.77, 358.11)
(909.56, 80.68)
(1166.55, 322.97)
(693.47, 132.26)
(1511.3, 159.86)
(1187.81, 343.32)
(749.04, 195.06)
(1499.18, 326.0)
(1101.57, 145.5)
(1285.97, 345.44)
(1808.73, 256.28)
(975.32, 345.68)
(680.93, 164.86)
(1854.13, 253.58)
(817.48, 132.13)
(697.94, 260.28)
(1089.44, 124.78)
(728.09, 158.23)
(1855.09, 346.37)
(969.87, 103.8)
(1144.53, 396.59)
(1732.03, 211.67)
(1247.31, 129.11)
(827.83, 158.26)
(910.41, 199.88)
(1718.59, 270.36)
(1629.37, 327.21)
(734.94, 290.1)
(1650.72, 326.49)
(972.08, 383.11)
(1579.97, 308.28)
(1223.65, 282.42)
(931.52, 146.08)
(1350.9, 159.83)
(886.34, 132.92)
(1201.72, 135.84)
(1829.83, 331.13)
(1888.11, 175.85)
(1388.01, 313.82)
(1068.6, 285.93)
(990.91, 217.39)
(818.65, 387.06)
(1392.56, 227.63)
(1114.39, 404.97)
(921.67, 408.77)
(1851.14, 224.93)
(1559.11, 307.24)
(857.24, 348.94)
(1277.97, 153.66)
(1023.79, 190.57)
(1532.37, 209.11)
(1367.3, 147.15)
(1818.03, 287.45)
(1439.9, 150.14)
(1338.5, 318.1)
(1078.61, 156.79)
(793.57, 205.94)
(840.13, 338.34)
(1027.03, 105.74)
(1701.8, 180.57)
(1828.96, 310.7)
(1420.23, 154.21)
(866.06, 132.25)
(911.54, 142.34)
(1296.74, 251.33)
(1247.31, 359.33)
(1275.59, 122.12)
(612.63, 296.5)
(1187.02, 202.59)
(1090.23, 226.56)
(701.73, 167.6)
(1136.03, 115.67)
(688.75, 200.55)
(1435.42, 231.5)
(1789.89, 247.81)
(801.71, 402.7)
(1700.11, 229.15)
(1508.73, 180.55)
(1890.95, 330.32)
(1264.83, 211.46)
(1533.85, 172.23)
(1121.69, 102.71)
(1348.0, 139.98)
(1169.51, 122.77)
(1143.43, 333.09)
(1515.95, 198.35)
(1147.65, 199.97)
(1863.88, 175.82)
(1680.15, 284.01)
(750.72, 397.97)
(1833.99, 167.1)
(1874.12, 248.22)
(1250.11, 306.01)
(1348.39, 212.61)
(1228.34, 181.13)
(1393.82, 152.58)
(1557.28, 329.19)
(1801.66, 347.47)
(811.69, 112.85)
(1435.92, 321.03)
(1112.41, 122.42)
(1219.96, 128.45)
(1048.5, 345.63)
(1426.06, 299.88)
(1265.9, 138.53)
(768.99, 192.51)
(1011.94, 403.92)
(1136.58, 169.54)
(773.88, 90.73)
(917.52, 327.81)
(635.14, 301.93)
(704.98, 111.75)
(795.61, 104.24)
(1848.78, 156.16)
(1719.38, 230.02)
(1373.05, 210.24)
(892.37, 92.1)
(1127.37, 343.85)
(1087.6, 288.69)
(1388.92, 170.09)
(1882.57, 210.45)
(929.14, 85.45)
(661.39, 167.99)
(870.74, 215.66)
(721.21, 407.86)
(1441.58, 273.34)
(974.63, 122.83)
(1870.05, 222.83)
(994.35, 296.49)
(1674.62, 178.81)
(1525.4, 307.14)
(1550.45, 203.82)
(948.84, 337.01)
(730.11, 200.36)
(663.36, 141.32)
(1201.68, 236.5)
(1729.1, 338.74)
(1628.01, 163.98)
(1147.24, 377.36)
(1167.77, 185.83)
(666.22, 251.08)
(723.71, 378.86)
(830.17, 353.73)
(1290.55, 231.91)
(1866.18, 158.03)
(1292.3, 114.67)
(1871.02, 330.89)
(1406.01, 256.36)
(634.26, 265.93)
(1517.05, 333.98)
(1407.06, 167.0)
(876.3, 85.48)
(701.92, 290.42)
(1597.78, 287.98)
(969.93, 364.3)
(1120.63, 149.3)
(788.78, 321.71)
(1312.0, 318.47)
(746.66, 319.89)
(982.91, 324.47)
(1371.69, 170.77)
(1026.33, 154.57)
(790.44, 223.91)
(816.08, 92.76)
(1780.2, 342.06)
(1749.39, 169.06)
(1642.37, 176.26)
(1422.66, 341.98)
(1073.08, 114.84)
(762.84, 384.18)
(797.44, 175.89)
(1191.7, 151.6)
(1713.17, 344.13)
(1119.57, 166.17)
(1312.47, 242.55)
(1614.11, 174.91)
(664.56, 359.8)
(710.37, 388.83)
(884.73, 107.39)
(1117.33, 386.79)
(1752.35, 332.13)
(835.1, 125.18)
(922.06, 214.54)
(1833.08, 228.22)
(814.98, 342.95)
(1605.57, 304.49)
(577.61, 251.88)
(611.44, 208.67)
(810.42, 165.25)
(1540.77, 334.52)
(1815.12, 228.14)
(1462.73, 310.05)
(701.94, 149.5)
(637.53, 249.79)
(752.9, 156.27)
(1184.36, 315.86)
(788.3, 386.95)
(903.67, 126.41)
(1587.82, 329.7)
(1215.58, 244.87)
(1360.55, 182.92)
(1127.21, 213.29)
(1170.46, 362.56)
(1029.15, 364.65)
(1465.47, 287.38)
(1686.71, 190.23)
(864.4, 325.12)
(1529.42, 323.27)
(1042.21, 115.2)
(1238.27, 374.63)
(1833.13, 149.83)
(1091.76, 365.5)
(862.41, 192.45)
(1153.6, 115.84)
(932.01, 101.86)
(991.02, 192.42)
(1172.03, 270.14)
(1069.43, 188.61)
(1832.11, 349.27)
(1802.73, 311.94)
(1306.09, 227.09)
(815.49, 235.93)
(1541.45, 303.48)
(1658.42, 175.79)
(912.83, 293.84)
(1612.78, 318.63)
(1283.12, 276.39)
(1481.75, 199.67)
(1600.52, 166.61)
(947.67, 165.42)
(1287.22, 207.67)
(1046.53, 241.28)
(1434.33, 254.21)
(1803.2, 330.59)
(948.97, 220.22)
(1603.43, 330.89)
(737.38, 387.27)
(984.89, 370.28)
(617.86, 240.21)
(1786.79, 148.7)
(961.25, 397.72)
(717.09, 190.88)
(1494.76, 208.82)
(1255.77, 344.1)
(1633.01, 198.84)
(1131.28, 379.47)
(1544.18, 318.58)
(1193.87, 170.31)
(814.76, 358.42)
(1232.46, 139.59)
(1711.82, 196.37)
(1780.08, 203.28)
(720.1, 99.36)
(786.9, 187.41)
(1248.6, 215.65)
(1126.3, 252.15)
(1918.53, 262.26)
(1600.0, 181.82)
(1925.24, 244.51)
(963.78, 199.86)
(1814.99, 321.02)
(1010.8, 364.92)
(1481.19, 170.03)
(1184.81, 130.25)
(1373.24, 251.53)
(897.85, 260.48)
(1483.15, 337.4)
(1405.48, 316.88)
(963.51, 332.09)
(1360.12, 244.95)
(666.08, 305.13)
(968.86, 85.62)
(1087.78, 383.24)
(991.67, 353.89)
(1245.79, 333.21)
(843.65, 240.12)
(1007.7, 319.92)
(1468.0, 271.78)
(1209.08, 329.95)
(1220.19, 225.17)
(679.43, 285.98)
(1203.13, 208.44)
(1153.06, 302.83)
(1211.59, 307.41)
(1090.29, 179.64)
(1223.39, 328.99)
(1517.52, 292.41)
(1111.97, 235.09)
(979.28, 292.27)
(1442.53, 167.32)
(959.28, 250.93)
(1701.65, 212.38)
(977.76, 259.92)
(632.57, 285.91)
(858.49, 381.95)
(1619.73, 189.19)
(844.99, 90.14)
(1057.33, 105.28)
(922.48, 123.13)
(1235.17, 209.65)
(1678.19, 311.66)
(1542.88, 222.75)
(1180.76, 253.72)
(673.66, 343.92)
(1552.36, 181.35)
(1084.92, 105.05)
(1193.31, 248.99)
(1818.82, 154.31)
(964.43, 149.47)
(830.05, 236.95)
(585.51, 264.85)
(802.15, 381.43)
(638.51, 168.53)
(988.09, 276.18)
(1081.04, 345.57)
(991.93, 403.62)
(1661.39, 249.23)
(849.26, 130.62)
(1357.67, 317.8)
(1087.74, 210.24)
(1801.27, 150.92)
(672.02, 265.35)
(1481.3, 323.14)
(1482.31, 184.84)
(1401.45, 191.3)
(1803.81, 277.95)
(1573.17, 332.76)
(1173.9, 377.04)
(444.25, 251.86)
(1216.85, 144.26)
(1904.94, 274.68)
(1753.82, 154.52)
(1079.24, 198.95)
(925.64, 298.45)
(1632.5, 309.77)
(1864.2, 282.93)
(1052.64, 268.88)
(1467.27, 324.27)
(1197.98, 310.03)
(1248.0, 190.73)
(843.65, 314.11)
(972.68, 138.22)
(1129.93, 238.78)
(1407.81, 339.16)
(1134.47, 279.22)
(1100.71, 394.66)
(1306.13, 294.99)
(1419.56, 235.9)
(1838.87, 297.31)
(777.2, 114.43)
(1232.82, 351.16)
(1871.05, 271.08)
(974.07, 273.06)
(1043.15, 220.93)
(1777.53, 273.6)
(819.82, 219.15)
(769.99, 315.03)
(789.67, 89.64)
(1398.64, 329.17)
(1206.81, 181.69)
(1879.39, 195.15)
(1211.02, 270.62)
(1571.44, 282.95)
(1817.97, 343.57)
(1665.91, 318.09)
(935.77, 324.33)
(1515.51, 318.93)
(810.45, 190.35)
(1790.88, 273.64)
(920.32, 175.98)
(1891.71, 289.29)
(1504.17, 284.97)
(928.7, 338.69)
(1839.09, 272.83)
(1793.77, 287.07)
(1396.17, 209.91)
(1684.65, 299.5)
(824.79, 332.07)
(1366.11, 196.35)
(1461.8, 200.08)
(733.56, 174.66)
(1830.74, 206.01)
(1124.3, 358.69)
(1011.22, 179.53)
(1140.31, 313.58)
(1735.07, 186.78)
(735.1, 401.28)
(1846.87, 283.37)
(856.0, 226.43)
(961.47, 272.48)
(1904.23, 309.59)
(740.28, 225.28)
(1017.37, 301.09)
(1132.09, 263.92)
(1672.47, 329.55)
(1575.18, 210.77)
(1337.48, 182.09)
(833.33, 141.98)
(937.35, 304.8)
(1757.76, 213.88)
(845.79, 218.95)
(801.11, 275.74)
(1663.52, 282.04)
(918.28, 345.58)
(1121.39, 281.36)
(1892.08, 314.3)
(1448.41, 311.71)
(1465.87, 212.46)
(1622.73, 210.86)
(1705.1, 300.16)
(1157.86, 268.39)
(1922.79, 217.29)
(1547.61, 243.08)
(951.88, 207.11)
(1001.23, 117.55)
(1879.99, 318.63)
(1138.77, 294.71)
(1013.78, 115.26)
(704.41, 197.11)
(935.43, 216.67)
(1644.92, 226.63)
(1480.06, 288.82)
(1715.02, 209.86)
(1116.6, 269.8)
(1793.16, 161.55)
(1199.37, 222.03)
(952.31, 289.02)
(1072.77, 335.91)
(1864.03, 191.52)
(1524.11, 184.8)
(1539.68, 252.87)
(707.45, 323.35)
(888.83, 313.6)
(802.07, 248.8)
(772.81, 215.45)
(805.74, 226.01)
(960.31, 353.65)
(758.35, 363.97)
(687.85, 148.98)
(771.84, 332.81)
(876.15, 119.56)
(1379.33, 158.36)
(1475.68, 300.58)
(908.77, 307.33)
(860.58, 244.35)
(1166.09, 305.62)
(999.02, 282.35)
(1580.81, 274.05)
(949.84, 308.67)
(732.82, 104.64)
(776.22, 179.0)
(1324.32, 310.59)
(900.41, 289.63)
(871.99, 372.18)
(871.57, 384.51)
(1799.72, 298.37)
(1628.11, 178.74)
(1177.14, 166.77)
(1233.48, 338.1)
(1357.88, 224.7)
(1536.42, 289.98)
(1173.61, 137.85)
(725.07, 393.45)
(916.25, 227.09)
(1904.8, 188.02)
(1100.64, 354.55)
(1053.53, 199.77)
(742.58, 166.05)
(696.85, 187.48)
(903.02, 234.05)
(1885.67, 278.08)
(1136.67, 366.85)
(1311.53, 257.45)
(1064.93, 264.59)
(709.39, 209.74)
(1470.83, 191.1)
(1924.46, 279.74)
(1410.84, 295.83)
(1153.88, 174.62)
(1167.69, 345.49)
(1168.34, 248.95)
(1301.11, 157.26)
(755.07, 210.81)
(1020.44, 216.7)
(1164.76, 162.84)
(1269.29, 347.37)
(1492.39, 289.62)
(1497.21, 169.88)
(989.2, 120.11)
(1326.88, 175.62)
(1161.03, 372.78)
(750.3, 133.11)
(1658.96, 213.54)
(1791.21, 225.24)
(1717.65, 252.15)
(1696.57, 280.92)
(620.95, 317.24)
(1197.65, 297.19)
(1040.31, 268.87)
(1048.56, 289.69)
(1163.36, 384.61)
(1447.5, 221.7)
(1024.39, 395.34)
(736.75, 143.27)
(809.55, 370.79)
(1213.25, 167.77)
(1143.9, 225.41)
(1112.86, 353.66)
(1389.4, 337.95)
(759.25, 340.9)
(1505.08, 342.04)
(852.58, 252.2)
(1516.98, 213.73)
(1235.69, 194.23)
(1768.57, 196.14)
(546.53, 230.7)
(1422.06, 248.22)
(1000.2, 174.03)
(1706.47, 247.68)
(1317.06, 288.63)
(831.86, 269.69)
(812.09, 259.23)
(1222.8, 343.43)
(1019.4, 384.62)
(687.19, 324.17)
(1901.33, 216.53)
(1104.11, 382.51)
(1077.7, 178.02)
(733.24, 315.56)
(1127.88, 395.9)
(847.02, 117.75)
(822.62, 173.98)
(997.54, 365.72)
(1114.11, 370.16)
(1333.35, 252.24)
(1060.43, 161.11)
(896.9, 371.0)
(1820.11, 212.23)
(1184.04, 359.91)
(1670.51, 240.17)
(1092.41, 242.26)
(1647.15, 214.68)
(1119.51, 224.21)
(1538.35, 186.97)
(1596.2, 262.32)
(753.54, 169.71)
(850.88, 326.85)
(951.98, 150.3)
(706.98, 182.08)
(888.34, 288.82)
(709.29, 138.0)
(1056.1, 187.96)
(1788.85, 213.04)
(603.61, 228.96)
(1059.54, 238.86)
(1224.86, 254.54)
(717.11, 146.25)
(1457.11, 331.78)
(1858.46, 202.11)
(597.21, 273.48)
(1010.89, 199.45)
(1481.22, 273.98)
(1674.74, 250.82)
(551.17, 241.42)
(1560.35, 233.81)
(1583.94, 285.31)
(1558.2, 166.57)
(789.06, 273.97)
(1506.26, 310.73)
(873.89, 198.57)
(886.5, 221.6)
(1475.26, 219.64)
(1886.06, 303.81)
(863.38, 310.93)
(1380.12, 181.67)
(1562.58, 291.57)
(658.19, 190.29)
(1079.53, 137.95)
(1077.56, 307.32)
(1873.31, 291.51)
(1723.53, 190.65)
(750.51, 372.59)
(1181.75, 180.98)
(1822.41, 247.0)
(1533.91, 231.78)
(1391.06, 184.39)
(1010.7, 283.51)
(1289.17, 264.57)
(994.96, 334.05)
(672.33, 192.48)
(824.0, 261.52)
(1152.52, 279.02)
(1692.58, 202.34)
(1063.68, 327.79)
(1219.86, 297.82)
(1146.8, 100.83)
(916.54, 156.33)
(1123.85, 136.04)
(1813.62, 165.9)
(677.75, 363.76)
(957.67, 238.58)
(1004.56, 209.73)
(720.42, 238.78)
(1104.82, 161.54)
(892.82, 118.26)
(1457.07, 297.85)
(636.99, 184.31)
(810.04, 177.85)
(701.82, 276.52)
(1475.56, 233.68)
(700.63, 313.93)
(1227.21, 151.27)
(1568.77, 319.79)
(834.44, 219.54)
(1174.92, 152.47)
(1655.85, 231.19)
(1187.47, 219.75)
(1416.41, 269.65)
(1588.32, 198.22)
(1194.45, 364.15)
(752.87, 353.78)
(856.36, 170.32)
(775.7, 305.22)
(1146.0, 214.54)
(1265.2, 182.36)
(1377.82, 196.68)
(1172.63, 199.11)
(1848.53, 323.03)
(1427.5, 284.87)
(983.63, 394.24)
(1183.55, 117.43)
(1349.56, 338.62)
(1407.51, 233.51)
(713.47, 255.88)
(786.25, 300.57)
(894.03, 272.41)
(1385.57, 241.87)
(1041.24, 136.9)
(1238.8, 296.89)
(671.17, 178.17)
(1467.18, 336.58)
(1385.95, 203.97)
(856.04, 181.45)
(1563.28, 197.82)
(1826.5, 179.74)
(1303.69, 329.24)
(1151.88, 290.41)
(690.58, 177.8)
(1618.66, 306.96)
(857.85, 204.64)
(867.97, 360.09)
(1599.78, 316.97)
(1001.09, 184.92)
(444.13, 264.19)
(1231.31, 230.02)
(1158.69, 230.07)
(1005.81, 106.64)
(1633.11, 294.57)
(970.25, 283.88)
(1788.17, 353.12)
(1400.44, 178.96)
(1773.45, 224.27)
(1422.31, 259.28)
(1422.7, 223.86)
(1135.54, 355.48)
(1598.4, 194.56)
(1869.45, 201.8)
(1397.58, 345.73)
(1376.1, 347.49)
(1628.62, 239.99)
(711.6, 280.43)
(1894.12, 197.8)
(1065.79, 306.88)
(684.3, 355.07)
(719.22, 175.13)
(854.79, 317.18)
(1036.73, 198.51)
(1261.61, 355.54)
(806.63, 330.52)
(1110.24, 279.65)
(749.61, 383.46)
(645.25, 149.54)
(1255.95, 199.85)
(660.43, 263.0)
(897.54, 221.07)
(984.44, 109.82)
(1188.43, 303.31)
(1211.95, 342.23)
(781.64, 198.75)
(1377.35, 224.25)
(1421.03, 169.4)
(674.52, 318.19)
(1045.26, 192.19)
(1256.92, 324.86)
(1663.57, 223.79)
(897.38, 306.73)
(775.96, 382.48)
(1210.0, 218.55)
(710.39, 355.57)
(1325.68, 228.82)
(1729.56, 290.17)
(1455.27, 320.97)
(1215.77, 259.7)
(995.48, 323.27)
(1105.88, 215.56)
(1798.77, 217.19)
(1325.79, 259.68)
(1850.35, 170.25)
(1562.05, 254.84)
(737.17, 369.14)
(1320.23, 268.08)
(1215.23, 319.2)
(1423.78, 328.65)
(1741.9, 152.57)
(1170.16, 288.91)
(675.34, 125.58)
(1702.36, 165.45)
(1153.91, 221.0)
(1325.85, 299.02)
(1388.17, 272.65)
(622.07, 228.16)
(1446.78, 300.36)
(1802.07, 227.43)
(1571.12, 268.75)
(803.02, 262.96)
(897.33, 208.19)
(768.11, 170.96)
(1162.33, 295.29)
(947.39, 298.98)
(1370.75, 270.74)
(1107.78, 171.62)
(820.45, 372.0)
(1157.34, 335.86)
(899.33, 316.35)
(1687.85, 174.93)
(641.32, 314.55)
(1820.28, 201.17)
(1566.88, 218.54)
(886.74, 373.26)
(1738.93, 280.67)
(1315.97, 175.99)
(1523.81, 222.28)
(1708.48, 258.29)
(897.81, 248.57)
(1035.24, 340.6)
(1416.99, 321.34)
(1882.98, 227.56)
(1023.97, 167.35)
(1069.36, 171.99)
(833.3, 251.44)
(1160.31, 285.94)
(1178.69, 304.41)
(1679.3, 226.51)
(1037.83, 146.7)
(933.26, 232.35)
(1181.7, 328.47)
(674.2, 217.57)
(1909.35, 285.74)
(1783.16, 261.61)
(1494.21, 184.11)
(1239.11, 223.15)
(699.02, 303.36)
(750.46, 220.34)
(777.14, 286.58)
(981.82, 205.29)
(660.46, 235.76)
(1679.93, 269.66)
(1884.31, 237.62)
(1530.37, 194.17)
(1061.56, 178.85)
(1077.49, 273.45)
(1581.28, 220.42)
(1747.85, 292.65)
(1890.85, 221.49)
(1271.4, 280.47)
(1593.32, 300.53)
(1548.16, 170.09)
(1738.85, 197.5)
(1809.74, 240.37)
(621.26, 281.5)
(1233.05, 362.95)
(1438.54, 306.11)
(1221.5, 267.41)
(1326.52, 244.15)
(1748.54, 283.05)
(1336.46, 170.71)
(1702.55, 311.58)
(1020.63, 281.52)
(712.94, 155.78)
(1501.76, 198.69)
(1233.13, 271.43)
(1637.46, 234.98)
(938.2, 200.43)
(1238.23, 286.66)
(468.83, 250.0)
(841.22, 324.77)
(1241.86, 321.61)
(1607.99, 191.2)
(1863.47, 294.6)
(1588.59, 162.65)
(759.17, 317.99)
(1480.63, 310.4)
(1892.23, 259.91)
(709.56, 127.64)
(1888.26, 246.35)
(951.28, 191.09)
(1182.61, 228.15)
(1793.17, 261.91)
(1290.94, 161.15)
(1185.11, 370.43)
(1052.43, 251.04)
(1080.68, 328.33)
(788.61, 116.11)
(688.11, 309.9)
(757.8, 327.34)
(1037.76, 210.85)
(824.56, 118.03)
(1811.82, 205.65)
(913.97, 185.5)
(1025.76, 294.64)
(1360.06, 205.79)
(777.68, 295.75)
(1260.41, 191.13)
(1067.97, 245.56)
(996.18, 204.1)
(1361.42, 256.76)
(1320.54, 251.62)
(1389.98, 257.83)
(808.82, 208.88)
(1385.85, 214.41)
(1279.14, 220.49)
(1690.38, 240.21)
(1163.04, 260.03)
(797.86, 118.02)
(872.2, 313.62)
(680.75, 180.5)
(932.08, 207.12)
(1649.74, 248.3)
(1348.38, 179.57)
(1202.05, 120.68)
(1106.15, 345.39)
(1119.6, 243.51)
(1809.95, 301.78)
(1039.33, 231.96)
(720.52, 248.34)
(1140.62, 346.87)
(1875.46, 281.43)
(1235.12, 327.63)
(1492.94, 194.74)
(1129.74, 158.51)
(1035.06, 350.26)
(662.8, 272.57)
(522.46, 217.29)
(1417.55, 279.65)
(885.59, 203.83)
(1820.32, 266.53)
(1065.98, 318.52)
(1494.49, 300.03)
(1399.74, 271.48)
(676.99, 149.91)
(785.42, 282.53)
(966.18, 240.59)
(1917.63, 227.01)
(1576.91, 292.95)
(1018.57, 289.78)
(1077.76, 317.57)
(1333.94, 293.63)
(573.88, 264.02)
(1783.79, 282.41)
(957.03, 158.64)
(1075.53, 240.53)
(1641.95, 243.23)
(1115.2, 215.24)
(1682.76, 325.54)
(1494.58, 341.01)
(1224.8, 160.93)
(1172.24, 258.9)
(808.84, 268.46)
(1056.78, 295.15)
(1471.33, 250.78)
(741.2, 182.6)
(945.55, 198.02)
(1045.01, 153.01)
(908.67, 318.19)
(1559.65, 243.79)
(1024.65, 205.16)
(734.7, 188.26)
(1191.57, 229.07)
(683.48, 265.43)
(1124.81, 294.37)
(608.99, 279.56)
(1710.71, 219.83)
(1610.0, 283.9)
(1224.06, 236.12)
(680.89, 211.55)
(1618.19, 236.79)
(1526.43, 275.06)
(662.92, 323.5)
(1586.36, 265.09)
(1849.12, 206.04)
(1046.77, 210.52)
(1760.98, 203.18)
(1536.93, 241.48)
(787.71, 309.65)
(1166.86, 172.84)
(1418.52, 288.78)
(1430.8, 168.13)
(742.93, 277.43)
(1343.99, 293.8)
(806.02, 200.4)
(1125.28, 177.3)
(1404.12, 202.22)
(1894.14, 271.4)
(1689.22, 273.44)
(1016.06, 162.06)
(1172.54, 297.25)
(1350.23, 309.56)
(624.91, 163.48)
(645.68, 271.57)
(1151.44, 322.09)
(1205.08, 249.08)
(981.56, 240.0)
(937.3, 159.83)
(1064.45, 254.5)
(785.7, 174.78)
(942.19, 208.81)
(975.66, 150.87)
(617.32, 219.95)
(804.06, 236.63)
(1202.71, 339.81)
(1358.65, 272.94)
(1044.52, 363.56)
(1747.18, 211.7)
(1739.74, 331.37)
(1061.79, 344.46)
(616.74, 255.65)
(1009.64, 189.69)
(1129.76, 331.16)
(439.96, 241.29)
(1147.41, 186.33)
(1795.16, 321.47)
(1043.18, 127.4)
(980.15, 248.98)
(1424.78, 313.42)
(1829.62, 278.55)
(1262.58, 282.22)
(1782.31, 220.35)
(1355.25, 263.73)
(1129.31, 127.73)
(980.6, 196.46)
(902.73, 271.35)
(1133.75, 224.87)
(803.05, 339.21)
(1088.79, 190.94)
(1812.78, 271.22)
(686.61, 273.48)
(1507.37, 217.27)
(1350.4, 326.03)
(1863.11, 233.73)
(1261.75, 125.59)
(1791.94, 337.17)
(1091.75, 348.9)
(1626.61, 223.56)
(1155.39, 188.47)
(1134.74, 203.81)
(1901.21, 320.1)
(960.17, 261.95)
(1371.95, 187.47)
(856.18, 370.88)
(737.07, 210.81)
(1208.82, 280.98)
(1512.97, 303.13)
(1448.01, 327.24)
(991.08, 315.45)
(856.52, 121.69)
(654.36, 270.48)
(733.25, 257.89)
(1230.5, 220.35)
(1017.47, 374.5)
(717.96, 323.4)
(814.38, 247.12)
(935.37, 294.88)
(1912.71, 302.73)
(1604.41, 276.98)
(1612.75, 199.08)
(593.56, 230.12)
(1101.42, 238.02)
(1488.89, 314.49)
(804.39, 124.35)
(1767.55, 341.16)
(1743.34, 323.43)
(760.03, 176.04)
(1815.06, 332.86)
(1300.92, 238.06)
(974.24, 243.57)
(884.76, 231.59)
(1485.85, 297.77)
(1617.38, 227.97)
(950.99, 175.91)
(1452.21, 259.93)
(1482.4, 226.56)
(939.73, 237.91)
(1344.64, 199.73)
(1307.35, 305.98)
(796.22, 333.39)
(1171.71, 239.76)
(843.58, 303.64)
(927.5, 112.95)
(1072.53, 324.79)
(725.28, 365.38)
(1218.21, 155.45)
(907.16, 222.18)
(1392.02, 249.42)
(1049.42, 278.9)
(693.17, 281.44)
(1101.09, 372.69)
(1014.24, 209.37)
(635.73, 237.66)
(1132.49, 181.92)
(923.05, 134.57)
(1675.93, 261.4)
(1896.57, 251.88)
(1458.03, 277.55)
(1875.52, 301.26)
(1590.69, 277.57)
(1273.1, 167.2)
(832.04, 325.11)
(1670.74, 230.09)
(1416.17, 312.21)
(697.08, 323.16)
(1875.54, 234.66)
(1715.33, 185.01)
(953.82, 184.08)
(1106.98, 270.76)
(1180.79, 237.0)
(1148.26, 268.71)
(1919.94, 295.9)
(1834.07, 252.67)
(1752.41, 204.56)
(902.92, 213.68)
(1085.95, 355.58)
(1412.33, 217.94)
(1095.27, 160.26)
(761.89, 203.04)
(1316.8, 231.23)
(1647.89, 236.62)
(1609.5, 292.75)
(1446.29, 253.59)
(1263.38, 330.91)
(1138.77, 233.84)
(1403.26, 217.45)
(1578.7, 200.56)
(1553.38, 226.6)
(419.48, 250.83)
(843.75, 257.93)
(1316.54, 298.47)
(746.84, 145.84)
(1167.5, 279.96)
(565.64, 247.1)
(896.42, 198.79)
(916.49, 314.51)
(1229.17, 296.0)
(981.26, 358.9)
(950.76, 349.05)
(1848.83, 302.18)
(1343.05, 253.05)
(1081.18, 187.02)
(1604.42, 268.29)
(1638.04, 188.02)
(923.17, 308.96)
(715.48, 369.49)
(1449.74, 291.57)
(1883.41, 261.51)
(666.3, 331.56)
(782.82, 100.66)
(1414.0, 226.62)
(1407.38, 210.24)
(736.14, 234.66)
(633.89, 320.13)
(601.7, 216.14)
(913.52, 354.87)
(1102.71, 287.83)
(657.2, 180.44)
(762.78, 217.61)
(848.19, 176.37)
(726.64, 143.15)
(845.87, 358.16)
(1090.51, 199.34)
(1346.08, 302.25)
(1668.92, 266.21)
(1634.54, 226.58)
(1154.85, 211.97)
(1903.33, 257.22)
(1559.73, 212.55)
(740.75, 309.06)
(1395.06, 241.66)
(884.26, 300.71)
(1623.61, 292.68)
(1028.47, 277.28)
(1006.54, 299.29)
(1776.25, 214.33)
(944.61, 230.66)
(1203.12, 263.94)
(765.86, 324.4)
(952.9, 230.37)
(1858.63, 328.07)
(1057.14, 259.11)
(1139.6, 270.2)
(1466.77, 258.24)
(1856.03, 238.59)
(936.64, 168.42)
(1625.82, 300.87)
(1032.91, 291.58)
(1621.29, 200.37)
(924.1, 202.84)
(885.18, 272.92)
(1228.81, 263.38)
(943.27, 154.3)
(1272.15, 197.18)
(996.72, 308.37)
(1742.99, 300.18)
(986.89, 231.13)
(1814.81, 309.31)
(799.78, 217.11)
(1586.09, 294.93)
(717.64, 361.24)
(1154.24, 313.85)
(1681.75, 243.82)
(746.07, 175.59)
(650.54, 160.87)
(1289.13, 286.49)
(1781.4, 236.72)
(1110.05, 224.26)
(782.07, 331.91)
(1300.3, 350.6)
(516.84, 210.43)
(943.12, 291.09)
(938.6, 225.55)
(905.62, 376.18)
(1667.99, 257.92)
(1425.99, 267.98)
(1867.41, 260.53)
(1616.45, 245.32)
(686.93, 186.93)
(958.85, 322.57)
(948.71, 237.53)
(988.28, 307.18)
(1496.54, 308.67)
(1085.64, 276.27)
(1166.94, 232.55)
(1337.65, 219.59)
(1777.72, 192.05)
(1695.89, 305.45)
(1290.45, 219.21)
(779.44, 207.77)
(1492.34, 220.23)
(1302.6, 167.42)
(1610.47, 232.59)
(746.02, 360.53)
(1276.23, 204.28)
(837.92, 229.01)
(1368.58, 233.06)
(1521.2, 281.72)
(1804.29, 289.02)
(762.03, 127.07)
(752.75, 180.19)
(1206.03, 317.47)
(1139.68, 188.87)
(1679.31, 235.79)
(1686.75, 231.96)
(1256.66, 287.66)
(924.1, 194.35)
(887.13, 279.77)
(1531.9, 268.64)
(1674.43, 296.29)
(1456.49, 217.14)
(648.95, 187.49)
(1839.38, 320.06)
(586.83, 281.14)
(1609.56, 240.77)
(1704.34, 274.44)
(1899.7, 264.84)
(1693.7, 313.41)
(1652.83, 281.52)
(1011.4, 309.52)
(1698.13, 194.24)
(1713.97, 284.49)
(1547.28, 191.45)
(1488.2, 305.98)
(1707.65, 289.92)
(911.4, 214.24)
(741.43, 152.37)
(1819.11, 173.8)
(784.65, 291.65)
(608.79, 220.57)
(1390.67, 194.43)
(1195.24, 260.35)
(776.62, 323.52)
(950.43, 324.82)
(977.32, 212.46)
(894.79, 297.5)
(1090.9, 340.35)
(1249.91, 319.22)
(1363.04, 266.04)
(1046.48, 144.54)
(1555.66, 192.11)
(856.16, 216.65)
(1114.65, 343.58)
(1243.99, 344.47)
(813.11, 146.16)
(647.11, 306.73)
(1462.53, 222.53)
(1044.16, 252.36)
(1252.39, 281.61)
(1905.09, 298.97)
(774.97, 103.74)
(1379.88, 233.75)
(1882.54, 294.82)
(1298.03, 211.95)
(733.87, 304.64)
(1332.55, 305.27)
(1393.6, 265.41)
(1324.32, 320.74)
(1714.45, 242.09)
(1274.4, 355.9)
(823.49, 251.33)
(1175.17, 231.64)
(1473.32, 315.31)
(585.4, 227.66)
(1475.96, 210.04)
(823.42, 244.31)
(865.91, 229.42)
(1836.24, 239.83)
(1831.73, 289.21)
(1126.51, 272.23)
(1828.76, 269.86)
(657.17, 155.79)
(1767.73, 278.34)
(639.52, 277.24)
(1407.5, 305.66)
(1180.92, 296.22)
(818.24, 182.98)
(1098.23, 211.36)
(1408.93, 278.61)
(1506.48, 208.81)
(1296.35, 290.66)
(1638.18, 218.77)
(1163.49, 239.94)
(877.95, 228.87)
(1114.63, 138.43)
(1367.79, 221.86)
(1049.35, 259.23)
(1827.71, 196.08)
(726.88, 184.63)
(1602.71, 235.79)
(1741.36, 178.32)
(1764.47, 333.23)
(677.25, 244.68)
(1201.98, 194.55)
(1189.09, 237.28)
(1577.93, 322.77)
(597.11, 303.21)
(914.94, 237.4)
(1842.26, 244.98)
(1083.66, 300.14)
(1744.81, 308.1)
(1873.04, 186.43)
(1202.54, 158.59)
(1609.17, 252.44)
(1202.34, 348.12)
(709.74, 271.53)
(1038.62, 281.08)
(1244.51, 278.89)
(1266.89, 338.4)
(1597.01, 272.14)
(1603.65, 246.34)
(1247.16, 293.19)
(1670.75, 274.38)
(761.84, 164.34)
(1456.07, 208.99)
(794.6, 238.3)
(1326.78, 289.36)
(840.06, 165.2)
(902.87, 299.05)
(922.62, 186.41)
(1695.04, 297.43)
(1409.85, 179.24)
(1320.58, 279.41)
(1546.18, 292.64)
(897.62, 141.28)
(1440.37, 244.16)
(1911.84, 195.49)
(1830.59, 216.54)
(1098.08, 167.93)
(961.02, 285.51)
(945.21, 143.62)
(1409.25, 327.73)
(1028.91, 211.66)
(815.33, 330.67)
(853.11, 236.6)
(1917.73, 207.57)
(881.69, 265.35)
(1098.46, 109.24)
(1692.18, 289.83)
(1918.14, 287.71)
(681.92, 332.5)
(1226.75, 243.71)
(1315.72, 306.79)
(1826.97, 261.81)
(1704.39, 266.28)
(1343.84, 331.11)
(1138.6, 210.1)
(1210.0, 155.18)
(650.95, 175.13)
(1855.26, 211.51)
(682.27, 299.65)
(938.6, 344.57)
(1203.69, 150.15)
(1841.69, 261.65)
(743.9, 216.07)
(448.43, 241.69)
(1004.41, 290.76)
(1768.92, 205.95)
(1174.69, 176.18)
(795.9, 259.66)
(1083.78, 238.64)
(1028.2, 284.99)
(419.48, 242.5)
(1615.14, 331.0)
(721.06, 285.49)
(772.23, 281.54)
(671.33, 240.22)
(1851.39, 332.05)
(518.18, 282.37)
(855.84, 334.92)
(1855.63, 289.33)
(1875.54, 261.36)
(699.44, 208.03)
(1601.03, 253.88)
(1175.29, 281.36)
(578.63, 273.55)
(1350.02, 257.7)
(894.7, 282.1)
(1565.59, 206.87)
(1002.43, 193.45)
(1911.76, 294.36)
(1358.82, 336.85)
(1848.65, 293.59)
(1803.37, 163.35)
(1818.63, 301.43)
(666.63, 208.4)
(989.03, 342.23)
(1062.78, 336.12)
(879.54, 310.53)
(1605.84, 260.29)
(1209.06, 227.47)
(1624.81, 231.67)
(1476.8, 265.47)
(849.48, 388.48)
(1569.88, 297.89)
(1687.12, 318.24)
(1184.63, 379.21)
(1639.94, 208.02)
(1768.07, 213.76)
(1714.01, 294.9)
(1033.9, 226.44)
(1382.21, 266.3)
(1804.26, 209.97)
(1175.28, 334.82)
(759.46, 184.86)
(1453.93, 284.54)
(1403.21, 241.55)
(1781.73, 228.56)
(1033.47, 217.96)
(1655.34, 258.42)
(1197.18, 355.13)
(1242.17, 201.24)
(1594.48, 309.27)
(863.62, 336.75)
(672.04, 232.9)
(1102.34, 230.35)
(811.82, 154.12)
(1025.44, 176.89)
(1159.65, 195.22)
(1655.81, 274.22)
(1306.71, 174.55)
(817.69, 275.14)
(764.39, 372.09)
(1295.89, 334.42)
(780.07, 313.25)
(1052.71, 156.43)
(1225.23, 214.12)
(1739.57, 289.35)
(1159.36, 205.94)
(653.11, 316.18)
(648.43, 260.38)
(1281.46, 359.83)
(799.41, 325.7)
(1004.32, 306.59)
(1836.74, 282.87)
(767.28, 180.44)
(1137.56, 218.02)
(1002.52, 357.26)
(1722.65, 200.27)
(1303.28, 147.52)
(750.46, 331.27)
(1376.37, 241.03)
(961.18, 293.71)
(1126.76, 369.04)
(879.56, 378.71)
(924.61, 317.0)
(845.97, 229.22)
(1140.75, 181.29)
(798.09, 187.8)
(1473.76, 242.81)
(1384.17, 251.18)
(1406.0, 224.69)
(1152.24, 343.29)
(962.19, 138.56)
(1653.83, 222.04)
(1023.24, 142.76)
(880.37, 366.9)
(959.9, 189.68)
(929.76, 223.89)
(1098.21, 343.48)
(955.67, 298.95)
(1539.79, 197.11)
(1193.98, 123.68)
(1307.48, 139.24)
(1018.3, 174.75)
(875.41, 142.35)
(924.92, 229.37)
(1840.82, 205.93)
(1484.62, 218.82)
(1442.03, 289.81)
(681.25, 254.62)
(1834.15, 264.04)
(826.95, 342.12)
(985.6, 335.9)
(1543.2, 233.8)
(1551.88, 216.33)
(908.01, 283.58)
(610.22, 310.03)
(996.46, 343.74)
(858.91, 362.43)
(513.94, 218.02)
(1777.13, 183.96)
(661.1, 199.1)
(714.12, 289.31)
(1438.44, 296.87)
(1663.36, 271.86)
(1590.56, 318.14)
(931.0, 198.1)
(993.09, 181.01)
(1268.61, 174.11)
(1460.63, 263.38)
(655.19, 305.5)
(619.57, 269.77)
(771.89, 205.3)
(1687.68, 223.91)
(1799.68, 267.84)
(1848.43, 239.84)
(713.23, 244.18)
(1558.44, 220.54)
(1532.64, 280.65)
(1053.68, 232.25)
(1425.1, 276.03)
(674.33, 330.22)
(1084.82, 335.33)
(1469.24, 226.94)
(677.13, 305.89)
(613.14, 227.33)
(953.88, 316.5)
(681.26, 141.19)
(1197.44, 184.62)
(1735.99, 296.32)
(1004.55, 218.66)
(1880.46, 338.84)
(993.51, 110.87)
(1338.51, 299.92)
(1483.77, 211.07)
(1184.99, 189.64)
(1854.57, 268.33)
(1616.61, 296.88)
(1217.41, 214.21)
(707.33, 249.22)
(648.93, 237.39)
(866.92, 238.35)
(1308.88, 181.67)
(1031.03, 142.3)
(1130.52, 304.79)
(960.18, 342.37)
(967.31, 257.68)
(1746.4, 315.89)
(912.28, 243.54)
(1178.7, 288.59)
(1701.99, 201.28)
(1178.16, 192.31)
(981.21, 226.81)
(748.33, 307.59)
(953.89, 199.03)
(1090.25, 168.48)
(1193.89, 213.29)
(791.88, 289.01)
(1200.94, 255.69)
(596.28, 263.81)
(1911.39, 221.39)
(1862.95, 212.53)
(1059.61, 247.74)
(1310.88, 168.16)
(1706.36, 282.03)
(1255.96, 183.92)
(1554.65, 250.11)
(1060.61, 170.13)
(1349.27, 193.29)
(1913.14, 213.95)
(972.49, 194.69)
(739.59, 270.0)
(1357.78, 329.08)
(847.38, 168.52)
(1727.99, 281.4)
(625.75, 248.55)
(1131.35, 189.5)
(810.87, 276.61)
(714.84, 164.27)
(926.8, 162.49)
(630.08, 231.77)
(1117.47, 290.67)
(1249.01, 205.0)
(1090.76, 270.94)
(1379.14, 273.17)
(1721.78, 285.67)
(1011.89, 293.15)
(1855.5, 297.38)
(1860.8, 273.0)
(1277.41, 286.51)
(1487.57, 281.09)
(1087.8, 142.62)
(1824.06, 235.56)
(1099.74, 175.57)
(1895.4, 279.47)
(892.35, 229.11)
(642.5, 233.4)
(1474.46, 280.52)
(1381.67, 258.41)
(970.4, 208.72)
(1130.21, 197.78)
(1730.2, 197.24)
(1361.37, 215.41)
(1784.47, 330.75)
(1013.15, 169.58)
(1195.06, 376.42)
(765.25, 210.31)
(1099.76, 268.57)
(864.13, 367.94)
(1668.73, 290.74)
(1822.45, 274.57)
(673.15, 225.39)
(1410.97, 242.1)
(824.57, 364.14)
(782.99, 214.93)
(901.7, 279.15)
(860.41, 234.78)
(1568.7, 260.18)
(1216.5, 185.43)
(1690.61, 211.29)
(1810.72, 214.08)
(1103.11, 363.83)
(1765.14, 220.7)
(1796.78, 207.96)
(627.97, 255.83)
(1027.23, 221.8)
(929.41, 172.79)
(1791.85, 328.96)
(645.27, 180.51)
(1410.82, 286.06)
(1041.13, 356.06)
(578.03, 219.28)
(1003.31, 201.19)
(1094.39, 263.98)
(840.71, 173.23)
(1375.69, 262.59)
(1767.99, 186.47)
(930.56, 312.09)
(807.78, 216.63)
(1183.08, 143.26)
(1184.88, 243.85)
(1744.33, 203.95)
(678.7, 373.05)
(814.02, 199.94)
(1732.06, 275.24)
(1829.13, 241.09)
(1057.34, 277.62)
(793.99, 281.69)
(841.88, 351.31)
(1018.13, 322.64)
(1661.35, 238.58)
(1616.57, 288.88)
(1150.1, 232.27)
(1055.62, 284.4)
(1198.49, 333.59)
(1886.7, 268.53)
(1071.27, 299.8)
(1471.32, 203.85)
(890.38, 235.83)
(979.1, 282.17)
(830.17, 227.83)
(1500.71, 294.66)
(800.98, 194.93)
(1699.87, 291.17)
(1567.16, 227.43)
(1842.45, 307.14)
(1918.89, 235.27)
(1502.47, 302.18)
(973.95, 202.13)
(1795.92, 233.72)
(1788.65, 234.53)
(824.59, 276.37)
(755.2, 144.98)
(1881.65, 286.99)
(851.08, 210.62)
(1415.66, 332.16)
(1044.39, 202.64)
(955.78, 279.74)
(1844.0, 212.89)
(816.59, 267.03)
(1431.2, 333.15)
(831.24, 279.75)
(1619.43, 220.22)
(1907.18, 205.21)
(1188.5, 294.32)
(1914.66, 278.86)
(1654.38, 241.34)
(1374.55, 314.78)
(718.96, 205.31)
(820.86, 145.73)
(1356.61, 193.89)
(1365.06, 160.74)
(1527.04, 286.95)
(988.63, 203.5)
(1062.44, 273.55)
(727.64, 252.99)
(1384.22, 190.08)
(1838.23, 217.61)
(618.38, 199.18)
(1042.13, 260.33)
(1062.54, 151.87)
(580.87, 237.45)
(1842.25, 235.4)
(1177.4, 353.2)
(571.21, 241.36)
(1855.16, 277.7)
(1671.18, 303.46)
(1296.77, 201.72)
(1209.09, 292.09)
(1824.13, 220.83)
(1400.14, 307.18)
(1112.31, 156.85)
(1069.89, 345.03)
(1017.16, 314.23)
(1144.11, 283.38)
(606.7, 265.5)
(663.37, 221.55)
(1895.34, 304.72)
(1196.78, 323.27)
(1885.77, 254.17)
(1553.75, 294.38)
(693.22, 157.32)
(1264.37, 198.32)
(946.8, 318.13)
(1388.23, 299.64)
(1062.9, 197.99)
(1490.12, 176.55)
(676.34, 204.06)
(1507.83, 297.02)
(1698.48, 242.47)
(1298.36, 219.77)
(968.59, 292.81)
(1499.97, 190.25)
(1189.75, 183.7)
(1055.19, 334.96)
(974.57, 331.7)
(1584.17, 206.4)
(862.86, 253.74)
(1353.54, 173.51)
(728.18, 233.9)
(1520.93, 175.33)
(1862.95, 242.02)
(1078.77, 232.78)
(872.55, 233.59)
(1213.42, 233.78)
(1715.25, 332.12)
(1236.95, 278.14)
(722.09, 256.89)
(1861.93, 265.73)
(1046.37, 230.31)
(1192.44, 190.55)
(967.89, 248.53)
(1900.85, 284.6)
(791.06, 266.25)
(905.16, 253.19)
(1466.06, 298.93)
(874.54, 321.67)
(1341.66, 192.27)
(1550.78, 233.86)
(629.02, 241.83)
(1846.39, 313.42)
(1817.69, 239.31)
(1878.18, 308.81)
(1494.98, 280.33)
(1630.65, 216.85)
(1395.22, 301.68)
(1227.62, 168.65)
(779.9, 221.8)
(844.65, 250.06)
(1208.31, 257.13)
(1388.33, 327.84)
(1528.03, 295.11)
(817.86, 255.71)
(905.53, 245.88)
(988.16, 286.72)
(797.6, 231.54)
(1513.46, 280.92)
(1068.25, 237.05)
(1368.48, 260.81)
(1120.87, 260.92)
(1675.24, 191.19)
(1174.14, 311.32)
(1352.72, 200.35)
(1434.41, 290.38)
(889.38, 265.49)
(957.72, 214.34)
(716.09, 231.38)
(1897.44, 297.69)
(1849.12, 273.56)
(1177.49, 244.39)
(1870.21, 210.7)
(1064.1, 298.67)
(1071.44, 312.36)
(627.91, 276.12)
(1407.83, 271.1)
(1692.65, 218.43)
(927.59, 237.26)
(1300.19, 340.68)
(1357.98, 234.55)
(1720.86, 242.41)
(1052.5, 148.85)
(1908.19, 250.98)
(874.34, 305.25)
(1011.5, 216.06)
(893.38, 242.58)
(1350.54, 250.08)
(1914.21, 246.93)
(1246.29, 285.6)
(1110.37, 288.42)
(608.91, 197.24)
(955.69, 142.41)
(1802.72, 236.08)
(713.2, 200.75)
(1847.33, 266.53)
(1661.87, 262.43)
(1077.42, 295.82)
(1256.02, 333.55)
(1128.27, 287.01)
(1806.93, 220.44)
(917.07, 166.39)
(837.42, 262.4)
(651.82, 247.29)
(1098.34, 278.2)
(1826.42, 188.4)
(1457.2, 269.93)
(1187.86, 261.37)
(880.71, 317.81)
(1344.64, 172.32)
(1036.79, 189.69)
(1322.51, 236.74)
(1414.75, 304.42)
(890.57, 213.9)
(590.4, 294.89)
(1257.02, 316.14)
(1721.36, 293.08)
(1573.5, 223.72)
(547.88, 261.77)
(1474.36, 258.21)
(909.39, 361.15)
(1254.25, 294.76)
(1184.24, 160.22)
(982.99, 301.59)
(754.95, 310.99)
(1535.04, 261.48)
(907.26, 369.22)
(1668.24, 189.37)
(1121.61, 233.28)
(1367.34, 316.03)
(951.02, 244.97)
(971.88, 324.61)
(917.66, 303.9)
(902.44, 363.91)
(1383.06, 279.46)
(1002.25, 328.56)
(779.38, 278.43)
(444.89, 234.96)
(1006.17, 167.18)
(1164.75, 200.68)
(980.63, 269.09)
(1331.01, 223.64)
(1402.29, 300.13)
(1346.21, 186.63)
(833.35, 172.65)
(725.35, 320.41)
(1268.59, 190.48)
(1037.67, 155.22)
(1801.96, 243.27)
(1144.33, 276.11)
(745.92, 208.74)
(690.57, 294.29)
(1756.89, 281.52)
(999.0, 315.81)
(1632.69, 209.91)
(1828.61, 296.17)
(1820.66, 192.65)
(1032.39, 205.23)
(963.74, 210.4)
(1127.23, 228.86)
(1731.11, 225.81)
(1263.59, 290.12)
(967.87, 265.07)
(566.35, 254.92)
(938.38, 336.98)
(668.24, 157.7)
(1924.78, 230.96)
(1261.11, 296.73)
(851.69, 362.52)
(625.46, 293.9)
(1843.84, 331.51)
(1823.13, 255.61)
(1459.2, 256.22)
(823.27, 269.93)
(974.26, 251.93)
(1894.9, 209.64)
(1240.93, 183.13)
(983.6, 313.27)
(1808.87, 158.15)
(941.2, 313.55)
(1744.31, 219.03)
(796.66, 267.93)
(730.49, 243.79)
(1291.94, 152.88)
(1102.3, 222.84)
(1160.84, 276.75)
(711.89, 264.22)
(1017.92, 202.45)
(1274.35, 336.85)
(920.55, 235.93)
(1360.06, 170.43)
(1133.23, 323.97)
(622.96, 304.85)
(973.5, 236.98)
(1069.62, 272.49)
(679.24, 272.49)
(591.33, 218.86)
(750.69, 278.59)
(597.17, 205.44)
(1458.35, 190.66)
(598.33, 288.6)
(1532.34, 222.81)
(1270.5, 288.88)
(984.57, 266.52)
(816.62, 206.75)
(668.97, 294.99)
(1630.23, 188.2)
(1623.24, 314.58)
(1672.11, 222.03)
(664.24, 183.57)
(743.38, 301.49)
(1901.57, 291.76)
(667.82, 278.99)
(1181.39, 264.34)
(674.79, 298.95)
(1499.71, 218.62)
(663.57, 315.5)
(1395.8, 199.97)
(-4.95, 270.2)
(1430.31, 243.71)
(979.67, 233.57)
(1656.26, 266.83)
(694.31, 273.66)
(1040.75, 291.46)
(1137.02, 195.11)
(993.76, 167.32)
(1708.64, 238.17)
(419.48, 258.65)
(1772.06, 333.59)
(1548.91, 254.69)
(-222.07792207792207, 250.0)
(24.675324675324678, 250.0)
(271.4285714285714, 250.0)
(518.1818181818181, 250.0)
(764.9350649350649, 250.0)
(1011.6883116883116, 250.0)
(1258.4415584415585, 250.0)
(1505.1948051948052, 250.0)
(1751.948051948052, 250.0)
(1998.7012987012988, 250.0)
